627
387
75
53
396
156
341
160
269
426
463
216
845
734
458
820
63
212
797
719
409
787
612
194
24
261
126
684
946
761
455
417
900
402
557
826
238
317
930
701
447
242
457
479
303
780
420
877
567
431
587
713
697
76
649
847
130
956
767
595
696
239
726
475
868
49
845
927
144
438
94
926
392
110
989
866
939
541
189
523
964
364
791
473
319
594
225
470
369
504
13
569
682
217
484
258
62
992
743
489
73
799
775
462
58
59
940
873
411
724
904
426
569
149
212
97
709
986
524
455
290
190
115
542
410
494
407
137
582
184
575
123
348
520
51
222
87
72
754
46
806
450
99
767
161
926
287
178
32
903
813
175
736
628
681
883
513
169
949
136
123
491
81
734
835
475
722
579
984
410
113
281
684
113
471
285
743
701
343
43
327
283
132
412
726
736
90
768
739
829
779
457
890
379
585
69
150
823
927
518
226
75
214
899
139
381
231
358
262
874
193
935
133
145
214
518
913
134
38
939
843
739
463
566
669
123
748
963
615
481
509
462
369
568
812
263
207
117
745
190
519
656
479
75
800
207
831
735
649
801
567
463
905
374
903
136
870
632
39
905
931
563
394
433
832
96
470
788
706
639
189
124
681
142
919
144
212
512
744
587
746
945
285
439
31
872
687
543
700
10
287
520
274
799
472
314
463
726
591
150
592
206
312
45
404
59
267
448
708
381
155
833
148
808
728
599
946
401
466
687
321
839
129
125
634
29
267
502
145
674
766
531
670
522
713
453
42
455
798
128
980
12
373
133
993
31
774
711
763
1000
736
159
104
44
686
308
854
892
597
766
412
720
669
231
920
149
161
766
788
105
431
673
676
692
18
77
754
663
621
184
758
635
767
904
437
992
61
161
763
204
642
853
639
764
787
201
758
666
796
875
597
881
689
505
84
13
95
17
150
978
221
285
869
951
48
29
182
688
132
160
28
707
459
861
314
835
688
744
206
145
431
37
109
127
281
295
307
827
672
707
833
776
954
780
388
476
908
370
925
517
236
497
16
31
979
891
61
255
342
737
105
124
154
418
926
172
532
795
767
951
138
577
496
212
836
368
484
82
298
697
785
440
650
612
240
996
870
598
91
850
981
507
978
876
210
273
908
823
883
542
889
823
256
77
952
221
37
380
903
238
523
97
305
924
730
116
452
144
798
22
788
249
543
909
831
13
633
561
213
240
276
220
311
636
363
836
705
441
902
662
540
307
281
94
858
561
481
924
475
765
421
25
55
745
451
902
722
132
130
431
981
874
644
306
775
285
325
491
664
241
847
419
227
705
112
168
207
40
419
870
149
140
542
575
697
907
659
217
735
167
898
835
703
586
232
109
469
563
246
938
139
211
716
380
598
786
577
497
961
784
671
431
259
881
254
899
745
785
703
400
325
313
296
88
970
447
964
285
464
170
517
425
715
493
232
117
998
725
787
274
135
101
707
883
125
459
701
926
663
676
730
646
628
640
774
524
214
936
263
973
689
249
243
366
407
218
489
430
183
127
90
874
397
415
897
387
141
364
974
373
292
818
981
557
214
773
924
669
492
587
152
874
522
990
643
490
809
99
225
477
544
677
639
373
393
342
445
256
267
752
759
392
240
406
497
532
599
717
788
563
363
949
999
947
